origin=-0.5:0.0:0.003:0.003:0.0:100
pike=-1.2537459117174148:-0.027632036209106453:1.220703125E-6:1.220703125E-6:0.0:300
spiralbrot=0.3621708315319276:-0.07697434326836149:5.551115123125783E-12:5.551115123125783E-12:0.0:1000
shores=0.0024926337286794165:-0.8239602312680652:1.4210854715202004E-9:1.4210854715202004E-9:0.0:1000
shell=-0.15446158919170025:1.0308797614342995:1.0652729542925956E-13:1.0652729542925956E-13:0.0:1500
leaf=-1.4011602498808169:-6.186520885931301E-5:3.92901711165905E-8:3.92901711165905E-8:0.0:2000
rug=-1.6242489995379:0.0:2.980232238769531E-11:2.980232238769531E-11:0.0:2000
star=-1.6242489603402355:-3.057494458857946E-7:2.9103830456733704E-14:2.9103830456733704E-14:0.0:2500
islands=-.743643887037151:.131825904205330:1.2E-13:1.2E-13:0:3000