origin=-0.5:-0.5:0.002947434613750002:0.002947434613750002:0.0:70
ship=-1.7558203124999996:-0.028789062499999997:1.2582109375000003E-4:1.2582109375000003E-4:0.0:50
tower=-1.5452016787457286:-1.0332299372446599E-4:4.061889648437502E-7:4.061889648437502E-7:0.0:70
pillars=-1.7710096788406382:-0.04138293027877811:1.9073486328125E-8:1.9073486328125E-8:0.0:50